Grid2 -70 -70 70 70 128 128
SceneView
eye 0.000000 -216.203600 309.920438
center 0.000000 0.000000 0.000000
right 1.000000 0.000000 0.000000
forward 0.000000 0.559193 -0.829038

GroundFile none
ObstaclesFile none
Obstacles 63
10
-46.846471 42.580517 -56.844774 30.337696 -56.844774 13.406748 -46.401306 3.146330 -52.416704 -17.405348 -50.497236 -17.967168 -44.145454 3.733768 -54.844774 14.245552 -54.844774 29.624794 -45.297407 41.315447
0
8
-35.464867 58.273088 -25.282816 51.356979 -24.363753 41.798724 -33.549886 27.530901 -31.868278 26.448221 -22.306523 41.299458 -23.381916 52.483547 -34.341101 59.927522
0
12
-15.628433 61.597981 -10.655398 52.845439 -6.828607 45.191858 4.955145 44.100770 13.464155 52.407184 28.352299 55.933324 27.891367 57.879484 12.463775 54.225580 4.219353 46.177454 -5.537021 47.080822 -8.890272 53.787325 -13.889519 62.585999
0
8
10.250094 30.698047 33.151253 43.135745 48.941161 42.755265 56.827981 31.790663 58.451589 32.958521 49.983867 44.730721 32.665803 45.148023 9.295576 32.455573
0
10
-29.077590 6.900149 -20.167814 20.652195 -1.029286 22.374663 17.843863 11.213122 36.135504 26.216378 34.867138 27.762744 17.657457 13.646938 -0.566278 24.424417 -21.316876 22.556863 -30.756096 7.987631
0
6
47.304316 20.882022 43.200945 6.520222 52.579284 -10.197684 54.323570 -9.219182 45.352911 6.771992 49.227364 20.332580
0
8
-5.915123 0.377689 6.342519 -12.697130 22.316301 -12.910114 32.381272 4.754937 30.643544 5.745039 21.162845 -10.894556 7.219783 -10.708650 -4.456049 1.745571
0
8
-37.168567 -22.053804 -30.273314 -5.198743 -18.543594 -6.461943 -7.831269 -23.796432 -6.129925 -22.745040 -17.356618 -4.578207 -31.554828 -3.049169 -39.019661 -21.296538
0
10
-62.154273 -43.897637 -45.420710 -34.947126 -27.579019 -42.397502 -6.241347 -44.859541 6.660678 -32.981486 5.306060 -31.510090 -6.922065 -42.767727 -27.069081 -40.443072 -45.526494 -32.735580 -63.097577 -42.134067
0
6
15.253230 -24.863641 31.153710 -26.527645 23.785973 -47.875190 25.676541 -48.527686 33.865562 -24.800521 15.461396 -22.874503
0
8
42.750746 -18.087029 50.446220 -26.441671 50.049182 -40.933554 55.977740 -49.141880 57.599068 -47.970856 52.066976 -40.311454 52.467720 -25.684277 44.221800 -16.732039
0
6
7.262184 -48.006359 12.665610 -60.267979 25.165195 -62.351243 25.493993 -60.378455 14.060104 -58.472807 9.092356 -47.199843
0
6
-56.381468 -58.565842 -33.273898 -61.780808 -10.966058 -57.158463 -11.371852 -55.200063 -33.340940 -59.752216 -56.105862 -56.584922
0
6
-59.629036 47.734245 -53.705003 55.715704 -44.851255 52.628391 -44.192739 54.516871 -54.434729 58.088266 -61.235010 48.926239
0
14
-9.101907 37.471272 -10.043544 38.847723 -11.885446 39.657052 -13.876833 39.370708 -15.416077 38.075199 -16.038150 36.161920 -15.637741 34.542978 -13.300140 35.121131 -13.535295 36.071914 -13.338864 36.676068 -12.852819 37.085149 -12.224001 37.175568 -11.642386 36.920007 -11.089375 36.111635
0
10
60.193426 3.539206 62.135649 2.931849 64.440449 3.792820 65.732129 5.886845 65.513039 7.909988 63.045976 7.642826 63.173469 6.465515 62.775099 5.819692 62.064271 5.554158 60.934050 5.907592
0
12
-55.191663 -26.131693 -55.017311 -23.760217 -57.110357 -21.763218 -59.982328 -22.110527 -61.539004 -24.548888 -60.804377 -26.810441 -58.729578 -26.136478 -59.145983 -24.854573 -58.697838 -24.152604 -57.871039 -24.052619 -57.268482 -24.627526 -57.367309 -25.971739
0
6
1.234415 -57.402908 0.165537 -55.551556 -1.972220 -55.551556 -3.041099 -57.402908 -1.972220 -59.254259 0.165537 -59.254259
0
5
-41.327960 16.527099 -42.753731 18.489505 -45.060676 17.739933 -45.060676 15.314266 -42.753731 14.564694
0
12
33.552974 -47.044455 32.593480 -48.175567 32.305699 -49.941091 32.969765 -51.602087 34.395388 -52.682592 35.870217 -52.840462 36.104375 -50.652938 35.237214 -50.560115 34.785700 -50.217904 34.575381 -49.691844 34.666525 -49.132678 35.230683 -48.467614
0
6
-58.947936 -8.903319 -60.030654 -7.027997 -62.196090 -7.027997 -63.278808 -8.903319 -62.196090 -10.778641 -60.030654 -10.778641
0
6
-56.910457 1.536209 -58.054781 3.518236 -60.343430 3.518236 -61.487754 1.536209 -60.343430 -0.445819 -58.054781 -0.445819
0
4
-41.060927 -47.144751 -43.396832 -44.808846 -45.732737 -47.144751 -43.396832 -49.480656
0
12
10.409714 5.502338 9.242900 7.615057 6.330053 8.019783 4.260333 5.930587 4.692321 3.021658 6.815875 1.874682 7.817209 3.728586 6.621589 4.374366 6.499438 5.196901 7.084677 5.787647 7.908320 5.673205 8.565269 4.483686
0
16
64.268323 -58.416852 64.097087 -56.911006 62.916212 -55.513713 61.158372 -55.006867 59.414847 -55.560956 58.272102 -56.989601 58.114519 -58.812254 58.844011 -60.140687 60.660114 -59.143397 60.232806 -58.365253 60.282236 -57.793537 60.640684 -57.345410 61.187580 -57.171607 61.738967 -57.330591 62.109375 -57.768883 62.209678 -58.650949
0
8
21.394660 -35.318466 20.748579 -33.758690 19.188803 -33.112610 17.629027 -33.758690 16.982946 -35.318466 17.629027 -36.878242 19.188803 -37.524323 20.748579 -36.878242
0
5
-27.881832 -26.252206 -29.269198 -24.342661 -31.514003 -25.072042 -31.514003 -27.432370 -29.269198 -28.161752
0
5
8.077150 62.146346 6.634114 64.132515 4.299232 63.373866 4.299232 60.918826 6.634114 60.160177
0
8
64.642980 42.512267 64.007039 44.047565 62.471741 44.683506 60.936443 44.047565 60.300502 42.512267 60.936443 40.976969 62.471741 40.341027 64.007039 40.976969
0
8
56.330337 65.644116 54.559339 63.802933 54.875666 60.712537 56.982950 59.268327 58.329269 61.232776 57.132418 62.053028 57.040868 62.947443 58.046721 63.993159
0
7
63.729480 -22.311201 62.956947 -20.707020 61.221082 -20.310820 59.829026 -21.420948 59.829026 -23.201454 61.221082 -24.311581 62.956947 -23.915381
0
6
59.848164 -39.789729 62.744597 -37.541830 61.685139 -34.031855 59.307208 -34.749614 59.873537 -36.625855 58.325261 -37.827460
0
12
43.015886 -62.939004 44.390154 -63.886925 46.406273 -63.809076 47.973836 -62.538823 48.467856 -60.582618 47.825349 -59.041725 45.893905 -59.847080 46.268444 -60.745321 46.115397 -61.351352 45.629767 -61.744876 45.005174 -61.768994 44.204065 -61.216417
0
8
47.314702 58.483224 45.521831 56.146109 46.638403 52.729313 49.465399 51.901920 50.157097 54.265279 48.575887 54.728060 48.265724 55.677184 49.268521 56.984390
0
7
38.645970 59.287683 37.811143 61.021218 35.935305 61.449366 34.430999 60.249722 34.430999 58.325644 35.935305 57.126000 37.811143 57.554148
0
6
-11.975573 -32.558322 -13.165850 -30.496703 -15.546403 -30.496703 -16.736679 -32.558322 -15.546403 -34.619941 -13.165850 -34.619941
0
12
41.279217 -8.532070 41.449054 -6.629496 39.997581 -4.825140 37.700498 -4.532074 35.842487 -5.914201 35.529192 -7.798472 37.513838 -8.128456 37.694094 -7.044327 38.250486 -6.630442 38.938359 -6.718202 39.373011 -7.258526 39.275294 -8.353186
0
6
-37.219258 46.406230 -35.184489 41.658997 -31.228883 44.980095 -32.685992 46.715590 -34.304090 45.357047 -35.136442 47.298971
0
6
33.178399 -15.677059 32.132800 -13.866028 30.041602 -13.866028 28.996003 -15.677059 30.041602 -17.488089 32.132800 -17.488089
0
6
44.182547 33.002996 43.116312 34.849770 40.983841 34.849770 39.917606 33.002996 40.983841 31.156223 43.116312 31.156223
0
3
62.008918 16.065413 58.609268 18.028202 58.609268 14.102624
0
4
42.275090 -40.478568 40.141080 -38.344558 38.007070 -40.478568 40.141080 -42.612578
0
12
-12.926504 1.719574 -12.019752 3.551568 -12.663965 5.941488 -14.728133 7.307480 -17.179722 6.966252 -18.511523 5.415539 -16.781378 3.929635 -16.011335 4.826251 -15.267712 4.929753 -14.641603 4.515417 -14.446198 3.790499 -14.970479 2.731247
0
4
-16.666569 -21.622504 -18.687494 -19.601579 -20.708420 -21.622504 -18.687494 -23.643430
0
3
2.287206 35.626264 -1.152814 37.612360 -1.152814 33.640167
0
8
38.500059 14.060055 37.783810 15.789233 36.054632 16.505482 34.325453 15.789233 33.609204 14.060055 34.325453 12.330876 36.054632 11.614627 37.783810 12.330876
0
5
6.773354 -22.456468 5.298905 -20.427063 2.913196 -21.202227 2.913196 -23.710709 5.298905 -24.485873
0
12
-38.799723 33.542939 -40.666855 34.419467 -43.014310 33.552471 -44.044512 31.271920 -43.143296 28.937389 -41.251341 28.115811 -40.414162 30.043692 -41.499296 30.514909 -41.766957 31.208265 -41.460987 31.885588 -40.763793 32.143086 -39.692897 31.640352
0
8
-6.825669 15.321178 -8.388307 13.099299 -7.021405 10.069974 -4.321504 9.771452 -4.087590 11.887018 -5.580683 12.052106 -5.948834 12.868002 -5.084668 14.096740
0
6
-59.631047 37.557452 -60.842269 39.655351 -63.264714 39.655351 -64.475936 37.557452 -63.264714 35.459554 -60.842269 35.459554
0
8
60.410017 -10.984101 63.338950 -11.747348 65.718568 -8.890281 64.438223 -6.147671 62.464103 -7.069258 63.159418 -8.558684 62.550012 -9.290362 60.959400 -8.875866
0
4
20.696523 1.342845 18.387063 3.652304 16.077604 1.342845 18.387063 -0.966615
0
3
-30.357766 -51.129108 -34.084773 -48.977319 -34.084773 -53.280897
0
8
43.242678 -29.907994 42.627967 -28.423951 41.143925 -27.809240 39.659882 -28.423951 39.045171 -29.907994 39.659882 -31.392036 41.143925 -32.006747 42.627967 -31.392036
0
4
19.719232 24.524590 17.609122 26.634700 15.499012 24.524590 17.609122 22.414480
0
4
64.695120 25.224100 62.311536 27.607684 59.927952 25.224100 62.311536 22.840516
0
6
-59.904156 61.888434 -60.916180 63.641311 -62.940227 63.641311 -63.952251 61.888434 -62.940227 60.135557 -60.916180 60.135557
0
8
44.438513 -53.865995 48.143734 -51.680462 45.736008 -46.849883 41.760317 -48.492779 42.658372 -50.666007 44.608952 -49.859958 45.061717 -50.768333 43.243837 -51.840614
0
8
33.728955 -65.305830 36.866639 -63.796413 35.703511 -59.617316 32.237186 -59.945930 32.430230 -61.982230 34.192054 -61.815206 34.437030 -62.695402 32.842245 -63.462590
0
3
-31.015457 18.707513 -34.386344 20.653696 -34.386344 16.761330
0
4
-60.747635 -52.651141 -62.869962 -50.528814 -64.992289 -52.651141 -62.869962 -54.773469
0
5
-2.193843 62.550039 -3.718219 64.648163 -6.184711 63.846751 -6.184711 61.253327 -3.718219 60.451916
0
3
-22.020005 -14.102379 -25.111056 -12.317760 -25.111056 -15.886998
0
